001000001110101100100101000000000000000000000000
001000001110110000100110001100000000000000000000
001000001110110100100101000100000000000000000011
001000001110111000100110001000010000000000000000
001000001110111100100101111000000000000000001111
001000001111000000101010001111100000000000000000
001000001111000100000000111100000000000000000001
001000001111001000101010001011100000000000000000
001000001111001100000000111100000000000000000001
001000001111010000100101000000000000000000000001
001000001111010100100110000100000000000000000000
001000001111011000100101000000000000000000000110
001000001111011100100110111100000000000000000000
001000001111100000100101001100000000000000000000
001000001111100100100101010000000000000000000000
001000001111101000100101010100000000000000000000
001000001111101100100101110100000000000000001001
001000001111110000100110011011010000000000000000
001000001111110100100101110000000000000000000111
001000001111111000100110011111000000000000000000
001000001111111100100101100000000000000000000000
001000010000000000000100001110110100100000000000
001000010000000100000000010001001101000000000000
001000010000001000000000111010000000000000000001
001000010000001100000000111000000000000000000001
001000010000010000100101101100000000000000010100
001000010000010100101010101010110000000000000000
001000010000011000100110011111000000000000000000
001000010000011100100110011011010000000000000000
001000010000100000100110100010110000000000000000
001000010000100100000000101010000000000000000001
001000010000101000011011001010001000000000000000
001000010000101110011000100100001111111111110100
001000010000110000101010101011100000000000000000
001000010000110100000000111100000000000000000001
001000010000111000100101110000000000000000000111
001000010000111100100110011111000000000000000000
001000010001000000100101100000000000000000000000
001000010001000100000000101000000000000000000001
001000010001001000011011001000010000000000000000
001000010001001110011000100100001111111111110000
001000010001010010011000101000000000000000000000
