00100101000000000000000000000000
00100110001000000000000000000000
00100101001100000000000000000000
00100101010000000000000000000000
00011011000110010000000000000000
00100101000100000000000000000001
00000000100110000000000000000001
00011011001000010000000000000000
00000000101000000000000000000001
00100110010100010000000000000000
00000000100010000000000000000001
00100110011000010000000000000000
00011011001010110000000000000000
10011000100100000000000000000011
00100101011100000000000000000000
00000000001010111011100000000000
00101010011001010000000000000000
00101010011101100000000000000000
