001000001110101100100101000000000000000000000000
001000001110110000100110001000000000000000000000
001000001110110100100101001100000000000000000000
001000001110111000100101010000000000000000000000
001000001110111100011011000110010000000000000000
001000001111000000100101000100000000000000000001
001000001111000100000000100110000000000000000001
001000001111001100011011001000010000000000000000
001000001111010100000000101000000000000000000001
001000001111011000100110010100010000000000000000
001000001111011100000000100010000000000000000001
001000001111100000100110011000010000000000000000
001000001111100100011011001010110000000000000000
001000001111101010011000100100000000000000000011
001000001111101100100101011100000000000000000000
001000001111110000000000001010111011100000000000
001000001111110100101010011001010000000000000000
001000001111111000101010011101100000000000000000
