Reading in textfile into main memory
This is the cache memory
000
000
000
000
000
000
000
000
000
000
000
000
000
000
000
000
000
000
000
000
000
000
000
000
000
000
000
000
000
000
000
000
000
000
000
000
000
000
000
000
000
000
000
000
000
000
000
000
000
000
000
000
000
000
000
000
000
000
000
000
000
000
000
000
000
000
000
000
000
000
000
000
000
000
000
000
000
000
000
000
000
000
000
000
000
000
000
000
000
000
000
000
000
000
000
000
000
000
000
000
end of cache
This is the main memory
000
001
0010
00100
001000
0110000
010100000
01001000000
0100010000000
0100000
01000000
010000000
0100000000
109
1000
10000
100000
000
000
000
000
000
000
000
000
000
000
000
000
000
000
000
000
000
000
000
000
000
000
000
000
000
000
000
000
000
000
000
000
000
000
000
000
000
000
000
000
000
000
000
000
000
000
000
000
000
000
000
000
000
000
000
000
000
000
000
000
000
000
000
000
000
000
000
000
000
000
000
000
000
000
000
000
000
000
000
000
000
000
000
This is the desired address: 10-1
searching
looking at the next level in memory
searching
wait
wait
wait
wait
wait
we found the value: 9 in main
replacing the value 9 in cache
this is the index in memory: 13
9
CACHE AFTER FOUND VALUE
109
000
000
000
000
000
000
000
000
000
000
000
000
000
000
000
000
000
000
000
000
000
000
000
000
000
000
000
000
000
000
000
000
000
000
000
000
000
000
000
000
000
000
000
000
000
000
000
000
000
000
000
000
000
000
000
000
000
000
000
000
000
000
000
000
000
000
000
000
000
000
000
000
000
000
000
000
000
000
000
000
000
000
000
000
000
000
000
000
000
000
000
000
000
000
000
000
000
000
000
end of cache
Finding the desired address again. Making sure that it is written in cache.
searching
wait
we found the value: 9 in cache
9
Simulating wait in write
This is the index and value of the write to main: 0, 15
wait
wait
wait
wait
wait
wait
Getting memory that was written to
searching
wait
we found the value: 15 in cache
15
Printing main memory after write
0 100000 0
0 1000000 0
0 10000000 0
1 0 15
10 0 0
