000000000000000000000000000000000000000000000010 
000000000000000100000000000000000000000000000011 
000000000000001000000000000000000000000000000011 
000000000000001100000000000000000000000000000100 
000000000000010000000000000000000000000000000111 
000000000000010100000000000000000000000000001101 
000000000000011000000000000000000000000000001010 
000000000000011100000000000000000000000000000001 
000000000000100000000000000000000000000000000010 
000000000000100100000000000000000000000000000011 
000000000000101000000000000000000000000000000100 
000000000000101100000000000000000000000000000101 
000000000000110000000000000000000000000000000110 
000000000000110100000000000000000000000000000001 
000000000000111000000000000000000000000000000101 
000000000000111100000000000000000000000000001001 
000000000001000000000000000000000000000000000010 
000000000001000100000000000000000000000000000110 
000000000001001000000000000000000000000000001010 
000000000001001100000000000000000000000000000011 
000000000001010000000000000000000000000000000111 
000000000001010100000000000000000000000000001011 
000000000001011000000000000000000000000000000100 
000000000001011100000000000000000000000000001000 
000000000001100000000000000000000000000000001100 
000000000001100100000000000000000000000000000000
000000000001101000000000000000000000000000000000
000000000001101100000000000000000000000000000000
000000000001110000000000000000000000000000000000
000000000001110100000000000000000000000000000000
000000000001111000000000000000000000000000000000
000000000001111100000000000000000000000000000000
000000000010000000000000000000000000000000000000
000000000010000100000000000000000000000000000000
000000000010001000000000000000000000000000000000
001000001110101100100101001100000000000000000000
001000001110110000100110101000110000000000000000
001000001110110100100101001000000000000000000011
001000001110111000100110000100100000000000000000
001000001110111100100101001100000000000000000001
001000001111000000100110001000110000000000000000
001000001111000100100101111100000000000000000100
001000001111001000100101101100000000000000000101
001000001111001100100101111000000000000000011001
001000001111010000101010101011100000000000000000
001000001111010100000000111100000000000000000001
001000001111011000101010000111100000000000000000
001000001111011100000000111100000000000000000001
001000001111100000100101001100000000000000000000
001000001111100100100101010000000000000000000000
001000001111101000100101010100000000000000000000
001000001111101100100110110110110000000000000000
001000001111110000100110011011010000000000000000
001000001111110100100110110011110000000000000000
001000001111111000100110011111000000000000000000
001000001111111100100101100000000000000000000000
001000010000000000000100001110110100100000000000
001000010000000100000000010001001100000000000000
001000010000001000000000111010000000000000000001
001000010000001100000000111000000000000000000001
001000010000010000100110011111000000000000000000
001000010000010100100110011011010000000000000000
001000010000011000000000101010000000000000000001
001000010000011100011011001010010000000000000000
001000010000100010011000100100001111111111110111
001000010000100100101010100011100000000000000000
001000010000101000000000111100000000000000000001
001000010000101100100110110011110000000000000000
001000010000110000100110011111000000000000000000
001000010000110100100101100000000000000000000000
001000010000111000100101010100000000000000000000
001000010000111100000000101000000000000000000001
001000010001000000011011001000001000000000000000
001000010001000110011000100100001111111111101110
001000010001001000100101100000000000000000000000
001000010001001100100101010100000000000000000000
001000010001010000100101010000000000000000000000
001000010001010100000000100110000000000000000001
001000010001011000100110110110110000000000000000
001000010001011100100110011011010000000000000000
001000010001100000100110110011110000000000000000
001000010001100100000000011000010110000000000000
001000010001101000100101111100000000000000000110
001000010001101100100110011111000000000000000000
001000010001110000011011000111010000000000000000
001000010001110110011000100100001111111111100010
