000000000000000000000000000000000000000000001111
000000000000000100000000000000000000000000010100
001000001110101100100101000000000000000000000000
001000001110110000100101000100000000000000000001
001000001110110100100110001100000000000000000000
001000001110111000100110010000010000000000000000
001000001110111100000000000110100010100000000000
001000001111000000100101100000000000000000000011
001000001111000100000000000110100010100000000000
001000001111001000101010010110000000000000000000
001000001111001100011011000110100000000000000000
001000001111010000100101011000001111111111110101
001000001111010110011000101001100000000000000000