000000000000000000000000000000000000000000001111
000000000000000100000000000000000000000000010100
011111000100010100101001010111101111000001011111
001101001110100011101010111100100101010011100100
000001011101100001110000100110010110100101010001
010100000101010101011101100100010100011101110111
111000100100001000001100100110010100110010100011
111001011100001000101100001101010100011011011101
110000000101111001110000100111000110001001111001
011010111010111100011101111110101111001001101011
111101110101011100110001110100001000110110001100
001011101011001111110100110011000011110001010010
011111000101101111011001000100100101111100101111
000101001011101011010001110110110001100010100001
101100011101100110001101111101110110000010010010
001001011000110001010000110100001010101110001111
000110101101010100010011011101011110110100101011
110101110000110110000100011110011001100011001010
100010000100000110011001010001101000111100010001
111001110001110001111110110001010101000110101010
111000111001101000110110100010000000101000101011
111001111001011000110101101101111110001111111100
100000000001100010001110100011010101111110100101
110110001101010110110100100011010001111010000101
100101010000100011101001011001101111111011010010
011101110000011100100100011111100100110001100001
111010100110011010100101000011100001001001001111
100100010111101101000010000001010011011101110011
101100101100111101111110100000101101100000001000
000011000001100111011100111000111010001100100110
101001100011010000111001110101101000010101110111
101011011101111110100100110001101101111000111101
110011000100110001100011001101011000010110111010
011001001111110110010100011011101101010001011110
101101110111111000001011100011101101101110110101
110111000001010011000110100101101100111001010000
011110011110111010100011001010101110100001100101
000010101000100101011000011100110101100110011001
011011100001010001111001001011001101001100101100
001010000101110001000100011011001001001101111010
111011100000010011101100110000010110100100000011
110001011010111011011110100110100101110010000000
111100111100101111100010100011111110001110001101
100110100000111101001000100000100011000111000010
101111000101100110111011011101110011010100000010
111000100000101111011000100011110100111101001101
011100100101100111011111010011001010110110000010
100011011110111011100001010010101100111110010000
000010000101010001000111100001101111111011110111
111101010111100110111101001011100110000010011101
100110000011001110101110011011011110101111110110
100010101100101110101101010010001111111000010010
100010000011001110110101111111110000100100110010
010101010101111101010011000111000100010000010111
100010101110000001101000010101010100000010000011
101100100110111011010101000110011011001100101010
111011001010001010101100001011100011101010100101
000100011111100000101001101101101111000000000100
100000100011000100010110110110100101111111100110
001111100101001010010001000111110000011100000001
100101001000110110101001111000001101101010101000
001010101010111011101001111011110000111110010011
001000100000011110001100100111111110011110001001
110000001110111011011101100011101111010000001111
101110110100110100001100101101110110001010101010
010101110101111001101010110101101110010001010111
100010001110111011101110011111010001011001001001
111101110110000000001111110111111100011001011001
000101011110101010110111011011000111001110111110
111100010101111001010111111001110001111101110100
000110001010110010110110101101111000010111010000
001100110101101100100001010110001110111010111001
010011100100011001011110101011110101010111101011
100100011010011110111111101011011001011011001110
001001100110010011000011111010100011101010110010
011001000001000000010101011111011010111110000100
100100101110000011000010110111000101010000011001
110111101110001101101110010011111100000001101000
101010010100111010101111101100011011010110010011
011111001101110010010110010000010000100001011001
011110000001001000111011000100010101010011110000
100000011011000000011011000011001010000111000011
110111100001100101111111100111000110000001101100
000001111111100110110010011001011010110111100010
110101110000011011000100100110011111111101001100
001111010011001000110011000000011100000010110101
011010001000100001010011100001111101100001100100
100010101010001111110001110110000001111001101011
001110001111100001100101011101001100101010101111
011100010101000101000101101010001011001000000011
110111010111000110100101101010001000110001100000
110100100110011001011011111010101100010011000100
010101001111000010110011011100000101001111100011
011110011111011000000011101000000010110111010110
100011001110111000110011100000000100000001011000
000000111110100101010011110100110011011101100010
010000000010110001101111100110011110011000001111
011111111010111001010000000111100001101101100011
011111010101000101000101000001001111111101000000
010001111000100010110001010011111010010101000111
110111000101000001000110100011001100110000111100
100011001000011000110111111110000001000010100001

