000000000000000000000000000000000000000000000101
000000000000000100000000000000000000000000000101
000000000000001000000000000000000000000000000100
000000000000001100000000000000000000000000000011
000000000000010000000000000000000000000000000010
000000000000010100000000000000000000000000000001
001000001110101100100101000000000000000000000000
001000001110110000100110000100000000000000000000
001000001110110100100101001000000000000000000000
001000001110111000011011000100001000000000000000
001000001110111110011000000100000000000000000100
001000001111000000000000100100000000000000000001
001000001111000100100110010000000000000000000000
001000001111001000000000001000101010100000000000
001000001111001100000000100000000000000000000001
001000001111010010000001000000001111111111111001
001000001111010100101010010100000000000000000000