# data
0000000000000000 00000000000000000000000000001001
0000000000000001 00000000000000000000000000000100
0000000000000010 00000000000000000000000000000101
0000000000000011 00000000000000000000000000000010
0000000000000100 00000000000000000000000000000011
0000000000000101 00000000000000000000000000000001
0000000000000110 00000000000000000000000000000110
0000000000000111 00000000000000000000000000000111
0000000000001000 00000000000000000000000000001001
0000000000001001 00000000000000000000000000001000
0000000000001010 00000000000000000000000000001010
# instructions
0010000011101011 00100101000000000000000000000000
0010000011101100 00100110001000000000000000000000
0010000011101101 00100101001100000000000000000000
0010000011101110 00100101010000000000000000000000
0010000011101111 00011011000110010000000000000000
0010000011110000 00100101000100000000000000000001
0010000011110001 00000000100110000000000000000001
0010000011110010 10011000000100000000000000001110
0010000011110011 00011011001000010000000000000000
0010000011110100 10011000000100001111111111111000
0010000011110101 00000000101000000000000000000001
0010000011110110 00100110010100010000000000000000
0010000011110111 00000000100010000000000000000001
0010000011111000 00100110011000010000000000000000
0010000011111001 00011011001010110000000000000000
0010000011111010 10011000100100000000000000000011
0010000011111011 00100101011100000000000000000000
0010000011111100 00000000001010111011100000000000
0010000011111101 00101010011001000000000000000000
0010000011111110 00101010011100010000000000000000
0010000011111111 10000001000000001111111111110011

