000000000000000000000000000000000000001110000100
000000000000000100000000000000000000111101111110
000000000000001000000000000000000000001010001001
000000000000001100000000000000000000100100001100
000000000000010000000000000000000000100110101110
000000000000010100000000000000000000111010111000
000000000000011000000000000000000000110110100001
000000000000011100000000000000000000000110001001
000000000000100000000000000000000000001110001101
000000000000100100000000000000000000100001000000
000000000000101000000000000000000000110101111011
000000000000101100000000000000000000011110001001
000000000000110000000000000000000000001010111010
000000000000110100000000000000000000011101100010
000000000000111000000000000000000000000001110111
000000000000111100000000000000000000101011000000
000000000001000000000000000000000000001100110000
000000000001000100000000000000000000001001001000
000000000001001000000000000000000000101011101110
000000000001001100000000000000000000101000010110
000000000001010000000000000000000000000100011000
000000000001010100000000000000000000101010011100
000000000001011000000000000000000000000110001101
000000000001011100000000000000000000010101101110
000000000001100000000000000000000000010000111110
000000000001100100000000000000000000101110100010
000000000001101000000000000000000000100101110011
000000000001101100000000000000000000100000001000
000000000001110000000000000000000000000101100111
000000000001110100000000000000000000101100110100
000000000001111000000000000000000000110111011110
000000000001111100000000000000000000011101100001
000000000010000000000000000000000000110110001010
000000000010000100000000000000000000101101101011
000000000010001000000000000000000000101111000011
000000000010001100000000000000000000001011101110
000000000010010000000000000000000000101100110110
000000000010010100000000000000000000101001101111
000000000010011000000000000000000000111011001101
000000000010011100000000000000000000100010111110
000000000010100000000000000000000000001101111001
000000000010100100000000000000000000011111010011
000000000010101000000000000000000000111101000000
000000000010101100000000000000000000111101100101
000000000010110000000000000000000000011001101110
000000000010110100000000000000000000000001101111
000000000010111000000000000000000000001010011011
000000000010111100000000000000000000101100001011
000000000011000000000000000000000000000011111110
000000000011000100000000000000000000101011000111
000000000011001000000000000000000000001101001101
000000000011001100000000000000000000001011000000
000000000011010000000000000000000000010111011001
000000000011010100000000000000000000010010101010
000000000011011000000000000000000000100110101011
000000000011011100000000000000000000001110011111
000000000011100000000000000000000000010111010111
000000000011100100000000000000000000110100011011
000000000011101000000000000000000000101001111101
000000000011101100000000000000000000001000111111
000000000011110000000000000000000000100101000110
000000000011110100000000000000000000000110111100
000000000011111000000000000000000000011101011110
000000000011111100000000000000000000011111110110
000000000100000000000000000000000000000110101001
000000000100000100000000000000000000000010101110
000000000100001000000000000000000000111010011000
000000000100001100000000000000000000101010010011
000000000100010000000000000000000000001011011101
000000000100010100000000000000000000111110100010
000000000100011000000000000000000000111010111111
000000000100011100000000000000000000100010100111
000000000100100000000000000000000000100000101110
000000000100100100000000000000000000101000111001
000000000100101000000000000000000000111101110001
000000000100101100000000000000000000001010100011
000000000100110000000000000000000000000001000111
000000000100110100000000000000000000000101011101
000000000100111000000000000000000000100000000001
000000000100111100000000000000000000100111101010
000000000101000000000000000000000000100000000101
000000000101000100000000000000000000111010001001
000000000101001000000000000000000000011011101110
000000000101001100000000000000000000011100011110
000000000101010000000000000000000000100110101000
000000000101010100000000000000000000000101111001
000000000101011000000000000000000000100001101010
000000000101011100000000000000000000110100011111
000000000101100000000000000000000000110110011111
000000000101100100000000000000000000111100110110
000000000101101000000000000000000000111101001110
000000000101101100000000000000000000000111111111
000000000101110000000000000000000000010001111101
000000000101110100000000000000000000110110011110
000000000101111000000000000000000000111000011001
000000000101111100000000000000000000000010011011
000000000110000000000000000000000000010110001100
000000000110000100000000000000000000111100010101
000000000110001000000000000000000000110100100001
000000000110001100000000000000000000110111101100
000000000110010000000000000000000000011000100111
000000000110010100000000000000000000000001000110
000000000110011000000000000000000000101001010000
000000000110011100000000000000000000000111000101
000000000110100000000000000000000000000110111011
000000000110100100000000000000000000110111000010
000000000110101000000000000000000000001011000110
000000000110101100000000000000000000100000001001
000000000110110000000000000000000000110111101101
000000000110110100000000000000000000010010011100
000000000110111000000000000000000000011100111110
000000000110111100000000000000000000100011110100
000000000111000000000000000000000000000111101001
000000000111000100000000000000000000100100110001
000000000111001000000000000000000000011010110000
000000000111001100000000000000000000111001001101
000000000111010000000000000000000000110100100111
000000000111010100000000000000000000001100010010
000000000111011000000000000000000000101011111001
000000000111011100000000000000000000101101011011
000000000111100000000000000000000000000100001100
000000000111100100000000000000000000110101011111
000000000111101000000000000000000000101101001101
000000000111101100000000000000000000011001010101
000000000111110000000000000000000000101000000101
000000000111110100000000000000000000111010001011
000000000111111000000000000000000000011110000001
000000000111111100000000000000000000111011101101
000000001000000000000000000000000000000001100011
000000001000000100000000000000000000011011011111
000000001000001000000000000000000000011000000001
000000001000001100000000000000000000000110001111
000000001000010000000000000000000000111001100000
000000001000010100000000000000000000000101000111
000000001000011000000000000000000000010100100111
000000001000011100000000000000000000101000111011
000000001000100000000000000000000000111001000101
000000001000100100000000000000000000111011010010
000000001000101000000000000000000000110111000011
000000001000101100000000000000000000011110011101
000000001000110000000000000000000000011010001111
000000001000110100000000000000000000111011011001
000000001000111000000000000000000000000011011101
000000001000111100000000000000000000010001010011
000000001001000000000000000000000000110000011111
000000001001000100000000000000000000010011110110
000000001001001000000000000000000000101110000100
000000001001001100000000000000000000101011000011
000000001001010000000000000000000000010111011100
000000001001010100000000000000000000010001111110
000000001001011000000000000000000000101110101010
000000001001011100000000000000000000011010011000
000000001001100000000000000000000000000111010000
000000001001100100000000000000000000000000000101
000000001001101000000000000000000000111111011011
000000001001101100000000000000000000011101110110
000000001001110000000000000000000000010101001011
000000001001110100000000000000000000100111101011
000000001001111000000000000000000000001001101100
000000001001111100000000000000000000100101101010
000000001010000000000000000000000000001000101001
000000001010000100000000000000000000011001101100
000000001010001000000000000000000000001110101101
000000001010001100000000000000000000111001110101
000000001010010000000000000000000000001100000100
000000001010010100000000000000000000001000011001
000000001010011000000000000000000000011001010100
000000001010011100000000000000000000110010110011
000000001010100000000000000000000000100111011110
000000001010100100000000000000000000110010000100
000000001010101000000000000000000000100100101111
000000001010101100000000000000000000000000010101
000000001010110000000000000000000000100011000010
000000001010110100000000000000000000100011011000
000000001010111000000000000000000000111001000010
000000001010111100000000000000000000011001011111
000000001011000000000000000000000000001101110100
000000001011000100000000000000000000101100101011
000000001011001000000000000000000000001100000101
000000001011001100000000000000000000111100010111
000000001011010000000000000000000000100111100010
000000001011010100000000000000000000011100011001
000000001011011000000000000000000000101101010001
000000001011011100000000000000000000101110000101
000000001011100000000000000000000000110100000100
000000001011100100000000000000000000111110111100
000000001011101000000000000000000000110011001101
000000001011101100000000000000000000110110001111
000000001011110000000000000000000000010010100111
000000001011110100000000000000000000110010111001
000000001011111000000000000000000000011110111011
000000001011111100000000000000000000001010001010
000000001100000000000000000000000000001100011101
000000001100000100000000000000000000000110110001
000000001100001000000000000000000000010001011011
000000001100001100000000000000000000110101111010
000000001100010000000000000000000000111101111100
000000001100010100000000000000000000001001011111
000000001100011000000000000000000000011110010111
000000001100011100000000000000000000000100011101
000000001100100000000000000000000000101001100000
000000001100100100000000000000000000100101100011
000000001100101000000000000000000000101100000000
000000001100101100000000000000000000010001100110
000000001100110000000000000000000000010001011101
000000001100110100000000000000000000010100000001
000000001100111000000000000000000000010100000000
000000001100111100000000000000000000010110011010
000000001101000000000000000000000000111111111100
000000001101000100000000000000000000111110011101
000000001101001000000000000000000000111111111101
000000001101001100000000000000000000000001100001
000000001101010000000000000000000000101110010011
000000001101010100000000000000000000011000001100
000000001101011000000000000000000000101000011100
000000001101011100000000000000000000101010001111
000000001101100000000000000000000000000111101000
000000001101100100000000000000000000111010011001
000000001101101000000000000000000000100000001110
000000001101101100000000000000000000000000100101
000000001101110000000000000000000000100110110010
000000001101110100000000000000000000011000000011
000000001101111000000000000000000000110000000011
000000001101111100000000000000000000011010101111
000000001110000000000000000000000000010100011011
000000001110000100000000000000000000101100001000
000000001110001000000000000000000000100101000001
000000001110001100000000000000000000101000001100
000000001110010000000000000000000000011110011010
000000001110010100000000000000000000000011110111
000000001110011000000000000000000000001101010100
000000001110011100000000000000000000101100011101
000000001110100000000000000000000000010110010011
000000001110100100000000000000000000011100101110
000000001110101000000000000000000000110101101010
000000001110101100000000000000000000000000011001
000000001110110000000000000000000000100101011110
000000001110110100000000000000000000110011010000
000000001110111000000000000000000000110001111011
000000001110111100000000000000000000010001001001
000000001111000000000000000000000000011000000100
000000001111000100000000000000000000111000101010
000000001111001000000000000000000000100101010010
000000001111001100000000000000000000001100001100
000000001111010000000000000000000000101111111000
000000001111010100000000000000000000110010000010
000000001111011000000000000000000000011010101100
000000001111011100000000000000000000010111110000
000000001111100000000000000000000000101111000000
000000001111100100000000000000000000100011101111
000000001111101000000000000000000000001101011111
000000001111101100000000000000000000101000011101
000000001111110000000000000000000000110010000011
000000001111110100000000000000000000110001001101
000000001111111000000000000000000000100111101110
000000001111111100000000000000000000010000000001
000000010000000000000000000000000000001100001110
000000010000000100000000000000000000000010101011
000000010000001000000000000000000000111001011111
000000010000001100000000000000000000111010000101
000000010000010000000000000000000000101010000101
000000010000010100000000000000000000000001111011
000000010000011000000000000000000000100100000111
000000010000011100000000000000000000100001110010
000000010000100000000000000000000000101011101000
000000010000100100000000000000000000111000100010
000000010000101000000000000000000000010110111111
000000010000101100000000000000000000101101000101
000000010000110000000000000000000000100001101111
000000010000110100000000000000000000110100101111
000000010000111000000000000000000000011000011011
000000010000111100000000000000000000011001011100
000000010001000000000000000000000000110110101111
000000010001000100000000000000000000001100000001
000000010001001000000000000000000000010101011011
000000010001001100000000000000000000001101010101
000000010001010000000000000000000000011011110111
000000010001010100000000000000000000000000101100
000000010001011000000000000000000000001001101010
000000010001011100000000000000000000001011101000
000000010001100000000000000000000000101111010111
000000010001100100000000000000000000000011000110
000000010001101000000000000000000000101011001101
000000010001101100000000000000000000000110110111
000000010001110000000000000000000000100100100100
000000010001110100000000000000000000101011111010
000000010001111000000000000000000000101100110000
000000010001111100000000000000000000001000001011
000000010010000000000000000000000000010110111010
000000010010000100000000000000000000101011101010
000000010010001000000000000000000000110101101011
000000010010001100000000000000000000000110011111
000000010010010000000000000000000000100111000101
000000010010010100000000000000000000000100010010
000000010010011000000000000000000000101010000111
000000010010011100000000000000000000000010100110
000000010010100000000000000000000000010101101000
000000010010100100000000000000000000110110101001
000000010010101000000000000000000000001101001001
000000010010101100000000000000000000011100010100
000000010010110000000000000000000000101000100100
000000010010110100000000000000000000111110011100
000000010010111000000000000000000000011010100110
000000010010111100000000000000000000000011010100
000000010011000000000000000000000000001000111010
000000010011000100000000000000000000011001011011
000000010011001000000000000000000000110010110000
000000010011001100000000000000000000010110010100
000000010011010000000000000000000000000010110111
000000010011010100000000000000000000101001011111
000000010011011000000000000000000000111011000010
000000010011011100000000000000000000110011010100
000000010011100000000000000000000000110001010001
000000010011100100000000000000000000101000111000
000000010011101000000000000000000000010011100111
000000010011101100000000000000000000011011000111
000000010011110000000000000000000000011010111100
000000010011110100000000000000000000001000101011
000000010011111000000000000000000000100110001111
000000010011111100000000000000000000001100101011
000000010100000000000000000000000000001011101101
000000010100000100000000000000000000111101100010
000000010100001000000000000000000000111010111110
000000010100001100000000000000000000100011101011
000000010100010000000000000000000000001011001010
000000010100010100000000000000000000001100101101
000000010100011000000000000000000000111111111001
000000010100011100000000000000000000000010110100
000000010100100000000000000000000000001010111000
000000010100100100000000000000000000110000100101
000000010100101000000000000000000000011001110001
000000010100101100000000000000000000010000111010
000000010100110000000000000000000000100011010000
000000010100110100000000000000000000110001110010
000000010100111000000000000000000000001010011000
000000010100111100000000000000000000111001010011
000000010101000000000000000000000000100111101101
000000010101000100000000000000000000011101000011
000000010101001000000000000000000000110001110110
000000010101001100000000000000000000011001110100
000000010101010000000000000000000000111001111111
000000010101010100000000000000000000011110000011
000000010101011000000000000000000000110110000010
000000010101011100000000000000000000001000110111
000000010101100000000000000000000000010010011000
000000010101100100000000000000000000010000000101
000000010101101000000000000000000000110011000111
000000010101101100000000000000000000011001010001
000000010101110000000000000000000000101111000010
000000010101110100000000000000000000010000001100
000000010101111000000000000000000000111010101001
000000010101111100000000000000000000110000110000
000000010110000000000000000000000000111100110100
000000010110000100000000000000000000010000110100
000000010110001000000000000000000000100101011101
000000010110001100000000000000000000110010111010
000000010110010000000000000000000000000001101001
000000010110010100000000000000000000100101100000
000000010110011000000000000000000000010101101010
000000010110011100000000000000000000101100010001
000000010110100000000000000000000000101011111100
000000010110100100000000000000000000000001111111
000000010110101000000000000000000000101100100110
000000010110101100000000000000000000100111001011
000000010110110000000000000000000000111001011001
000000010110110100000000000000000000111000110100
000000010110111000000000000000000000111101110111
000000010110111100000000000000000000111000101100
000000010111000000000000000000000000010100011100
000000010111000100000000000000000000100111100000
000000010111001000000000000000000000011100101000
000000010111001100000000000000000000100101010000
000000010111010000000000000000000000011000101011
000000010111010100000000000000000000011101101011
000000010111011000000000000000000000101110010000
000000010111011100000000000000000000010011011110
000000010111100000000000000000000000110101110010
000000010111100100000000000000000000101111100110
000000010111101000000000000000000000100111111011
000000010111101100000000000000000000111011101100
000000010111110000000000000000000000110101100101
000000010111110100000000000000000000011110000010
000000010111111000000000000000000000010101000010
000000010111111100000000000000000000000110101101
000000011000000000000000000000000000111011110010
000000011000000100000000000000000000101111001100
000000011000001000000000000000000000011011111110
000000011000001100000000000000000000111111000011
000000011000010000000000000000000000010100111001
000000011000010100000000000000000000001011110001
000000011000011000000000000000000000100011011001
000000011000011100000000000000000000000001100110
000000011000100000000000000000000000111100011000
000000011000100100000000000000000000110011111100
000000011000101000000000000000000000001001010001
000000011000101100000000000000000000110001100101
000000011000110000000000000000000000010111011011
000000011000110100000000000000000000111000011111
000000011000111000000000000000000000100110100101
000000011000111100000000000000000000101111110001
000000011001000000000000000000000000001001111010
000000011001000100000000000000000000111010101111
000000011001001000000000000000000000100111110110
000000011001001100000000000000000000001101000001
000000011001010000000000000000000000100001000101
000000011001010100000000000000000000101010011110
000000011001011000000000000000000000001101000110
000000011001011100000000000000000000010000100101
000000011001100000000000000000000000011101010111
000000011001100100000000000000000000100001010101
000000011001101000000000000000000000010101000110
000000011001101100000000000000000000000101100011
000000011001110000000000000000000000010111111001
000000011001110100000000000000000000110001100010
000000011001111000000000000000000000011101100011
000000011001111100000000000000000000001100110100
000000011010000000000000000000000000001011100100
000000011010000100000000000000000000101010110000
000000011010001000000000000000000000110110111110
000000011010001100000000000000000000011100011111
000000011010010000000000000000000000000100101100
000000011010010100000000000000000000011010000001
000000011010011000000000000000000000011111001111
000000011010011100000000000000000000010010100110
000000011010100000000000000000000000100001011101
000000011010100100000000000000000000001001000001
000000011010101000000000000000000000000010111011
000000011010101100000000000000000000010000111100
000000011010110000000000000000000000111101010101
000000011010110100000000000000000000100000110110
000000011010111000000000000000000000111111100011
000000011010111100000000000000000000010110101100
000000011011000000000000000000000000100101000101
000000011011000100000000000000000000011011001010
000000011011001000000000000000000000110101010111
000000011011001100000000000000000000000100000101
000000011011010000000000000000000000010101011101
000000011011010100000000000000000000110101000100
000000011011011000000000000000000000011100111111
000000011011011100000000000000000000101110001001
000000011011100000000000000000000000011011000001
000000011011100100000000000000000000111000011000
000000011011101000000000000000000000100101100010
000000011011101100000000000000000000010110110010
000000011011110000000000000000000000101011000001
000000011011110100000000000000000000111000100001
000000011011111000000000000000000000000011010011
000000011011111100000000000000000000010010000011
000000011100000000000000000000000000111101011100
000000011100000100000000000000000000011101101001
000000011100001000000000000000000000101100101101
000000011100001100000000000000000000001001000111
000000011100010000000000000000000000010001100111
000000011100010100000000000000000000110101101000
000000011100011000000000000000000000101101111101
000000011100011100000000000000000000001100001011
000000011100100000000000000000000000110010100010
000000011100100100000000000000000000101011101001
000000011100101000000000000000000000000000101101
000000011100101100000000000000000000111001111100
000000011100110000000000000000000000101011000110
000000011100110100000000000000000000000110011000
000000011100111000000000000000000000100100100111
000000011100111100000000000000000000111010111011
000000011101000000000000000000000000011000011111
000000011101000100000000000000000000111010111101
000000011101001000000000000000000000001110100011
000000011101001100000000000000000000100110011011
000000011101010000000000000000000000100010001101
000000011101010100000000000000000000101001000110
000000011101011000000000000000000000010000110101
000000011101011100000000000000000000100001010001
000000011101100000000000000000000000110000010100
000000011101100100000000000000000000000010111001
000000011101101000000000000000000000000111001010
000000011101101100000000000000000000111111011100
000000011101110000000000000000000000011010100100
000000011101110100000000000000000000100010111010
000000011101111000000000000000000000110111110110
000000011101111100000000000000000000110000101111
000000011110000000000000000000000000111010001110
000000011110000100000000000000000000111110101100
000000011110001000000000000000000000001111101011
000000011110001100000000000000000000001110100001
000000011110010000000000000000000000001001011010
000000011110010100000000000000000000011010011010
000000011110011000000000000000000000010101010000
000000011110011100000000000000000000100100010100
000000011110100000000000000000000000000100111001
000000011110100100000000000000000000001111100111
000000011110101000000000000000000000110101000001
000000011110101100000000000000000000100101010111
000000011110110000000000000000000000011010100111
000000011110110100000000000000000000100110011111
000000011110111000000000000000000000101001111110
000000011110111100000000000000000000110011101110
000000011111000000000000000000000000100101010101
000000011111000100000000000000000000101011000101
000000011111001000000000000000000000100010110100
000000011111001100000000000000000000110011010111
000000011111010000000000000000000000110100100101
000000011111010100000000000000000000011000000111
000000011111011000000000000000000000110000011110
000000011111011100000000000000000000000110010010
000000011111100000000000000000000000110110100000
000000011111100100000000000000000000000111110111
000000011111101000000000000000000000000001110100
000000011111101100000000000000000000011100011011
000000011111110000000000000000000000010001101011
000000011111110100000000000000000000111100001100
000000011111111000000000000000000000111010000010
000000011111111100000000000000000000100111111100
000000100000000000000000000000000000100011010110
000000100000000100000000000000000000110001101010
000000100000001000000000000000000000101011011111
000000100000001100000000000000000000011011010011
000000100000010000000000000000000000000110011001
000000100000010100000000000000000000111000101011
000000100000011000000000000000000000111111111010
000000100000011100000000000000000000000111011100
000000100000100000000000000000000000101110110001
000000100000100100000000000000000000011010010010
000000100000101000000000000000000000100000011010
000000100000101100000000000000000000011110100011
000000100000110000000000000000000000011001111100
000000100000110100000000000000000000110011110100
000000100000111000000000000000000000000110000010
000000100000111100000000000000000000111011110000
000000100001000000000000000000000000100110000110
000000100001000100000000000000000000111000110110
000000100001001000000000000000000000111111110111
000000100001001100000000000000000000001101001110
000000100001010000000000000000000000100000100101
000000100001010100000000000000000000101110011001
000000100001011000000000000000000000011011010010
000000100001011100000000000000000000100011011100
000000100001100000000000000000000000011001100010
000000100001100100000000000000000000011010110001
000000100001101000000000000000000000111000100110
000000100001101100000000000000000000100000010111
000000100001110000000000000000000000000110100110
000000100001110100000000000000000000111101000001
000000100001111000000000000000000000011011101000
000000100001111100000000000000000000011000011010
000000100010000000000000000000000000101011011011
000000100010000100000000000000000000001000001111
000000100010001000000000000000000000000110110100
000000100010001100000000000000000000010011011001
000000100010010000000000000000000000010101010010
000000100010010100000000000000000000001100110111
000000100010011000000000000000000000001110111001
000000100010011100000000000000000000100000110000
000000100010100000000000000000000000100001101001
000000100010100100000000000000000000110101111001
000000100010101000000000000000000000011101111101
000000100010101100000000000000000000000100011010
000000100010110000000000000000000000111000110000
000000100010110100000000000000000000011101000010
000000100010111000000000000000000000011111111001
000000100010111100000000000000000000101101111010
000000100011000000000000000000000000111011111001
000000100011000100000000000000000000110111001101
000000100011001000000000000000000000101000100000
000000100011001100000000000000000000001011111011
000000100011010000000000000000000000011001010111
000000100011010100000000000000000000001110011011
000000100011011000000000000000000000101010100111
000000100011011100000000000000000000000110011100
000000100011100000000000000000000000110000111101
000000100011100100000000000000000000001001111000
000000100011101000000000000000000000111000111000
000000100011101100000000000000000000100111000001
000000100011110000000000000000000000101110011111
000000100011110100000000000000000000110101111110
000000100011111000000000000000000000010010010111
000000100011111100000000000000000000000110000000
000000100100000000000000000000000000011011010001
000000100100000100000000000000000000010111111010
000000100100001000000000000000000000011100101010
000000100100001100000000000000000000101001111010
000000100100010000000000000000000000010101111010
000000100100010100000000000000000000100010010110
000000100100011000000000000000000000101110010001
000000100100011100000000000000000000101000001101
000000100100100000000000000000000000100111010011
000000100100100100000000000000000000011101010011
000000100100101000000000000000000000001100110110
000000100100101100000000000000000000100110011010
000000100100110000000000000000000000100000000000
000000100100110100000000000000000000101001100101
000000100100111000000000000000000000111000111010
000000100100111100000000000000000000111110101101
000000100101000000000000000000000000011110100010
000000100101000100000000000000000000110110100110
000000100101001000000000000000000000000101110001
000000100101001100000000000000000000110100111010
000000100101010000000000000000000000111001100011
000000100101010100000000000000000000110111101000
000000100101011000000000000000000000100000001011
000000100101011100000000000000000000010111111100
000000100101100000000000000000000000100001100010
000000100101100100000000000000000000110100000010
000000100101101000000000000000000000110111111001
000000100101101100000000000000000000110110100100
000000100101110000000000000000000000010011100000
000000100101110100000000000000000000011000100101
000000100101111000000000000000000000000111010111
000000100101111100000000000000000000100011001001
000000100110000000000000000000000000000011001110
000000100110000100000000000000000000010110000010
000000100110001000000000000000000000101001110110
000000100110001100000000000000000000100011001010
000000100110010000000000000000000000110010111110
000000100110010100000000000000000000001010001100
000000100110011000000000000000000000000010001001
000000100110011100000000000000000000100111000100
000000100110100000000000000000000000101110110110
000000100110100100000000000000000000010111110111
000000100110101000000000000000000000011101001010
000000100110101100000000000000000000111010111100
000000100110110000000000000000000000101101000111
000000100110110100000000000000000000001100100111
000000100110111000000000000000000000110010000111
000000100110111100000000000000000000101001110000
000000100111000000000000000000000000000000110000
000000100111000100000000000000000000111000010111
000000100111001000000000000000000000010001111100
000000100111001100000000000000000000001010000000
000000100111010000000000000000000000001111100010
000000100111010100000000000000000000101010001001
000000100111011000000000000000000000101011110110
000000100111011100000000000000000000011110001110
000000100111100000000000000000000000111001101000
000000100111100100000000000000000000010010001100
000000100111101000000000000000000000110011010101
000000100111101100000000000000000000010010100100
000000100111110000000000000000000000011011111010
000000100111110100000000000000000000111010100110
000000100111111000000000000000000000100101011011
000000100111111100000000000000000000000100001101
000000101000000000000000000000000000011010000000
000000101000000100000000000000000000101011110101
000000101000001000000000000000000000110100111001
000000101000001100000000000000000000011111100100
000000101000010000000000000000000000100100001110
000000101000010100000000000000000000010000101110
000000101000011000000000000000000000010001000110
000000101000011100000000000000000000001101110011
000000101000100000000000000000000000111000000111
000000101000100100000000000000000000010111000111
000000101000101000000000000000000000100111001110
000000101000101100000000000000000000011101001100
000000101000110000000000000000000000000000010001
000000101000110100000000000000000000011000001000
000000101000111000000000000000000000101110010110
000000101000111100000000000000000000001011000011
000000101001000000000000000000000000100000110011
000000101001000100000000000000000000100000100111
000000101001001000000000000000000000011110001101
000000101001001100000000000000000000000000001010
000000101001010000000000000000000000100100110100
000000101001010100000000000000000000000100010111
000000101001011000000000000000000000111001000001
000000101001011100000000000000000000111011111011
000000101001100000000000000000000000100010100110
000000101001100100000000000000000000100010000101
000000101001101000000000000000000000000010000011
000000101001101100000000000000000000100010001001
000000101001110000000000000000000000100101100001
000000101001110100000000000000000000000100110111
000000101001111000000000000000000000110000111010
000000101001111100000000000000000000001011011111
000000101010000000000000000000000000110101111000
000000101010000100000000000000000000111011111100
000000101010001000000000000000000000110111100011
000000101010001100000000000000000000101001010111
000000101010010000000000000000000000001100001101
000000101010010100000000000000000000010001100010
000000101010011000000000000000000000110110000111
000000101010011100000000000000000000001101001010
000000101010100000000000000000000000010001010010
000000101010100100000000000000000000011001100001
000000101010101000000000000000000000111011101001
000000101010101100000000000000000000001111011010
000000101010110000000000000000000000100100010010
000000101010110100000000000000000000100010110001
000000101010111000000000000000000000011110001011
000000101010111100000000000000000000011100010001
000000101011000000000000000000000000100101101001
000000101011000100000000000000000000101110111111
000000101011001000000000000000000000000110110011
000000101011001100000000000000000000110100001100
000000101011010000000000000000000000100110101001
000000101011010100000000000000000000011001101000
000000101011011000000000000000000000111101101111
000000101011011100000000000000000000101110001110
000000101011100000000000000000000000011100011100
000000101011100100000000000000000000000111010001
000000101011101000000000000000000000101100111100
000000101011101100000000000000000000111110101011
000000101011110000000000000000000000000001010010
000000101011110100000000000000000000100000010010
000000101011111000000000000000000000011111110010
000000101011111100000000000000000000110010110001
000000101100000000000000000000000000011100101111
000000101100000100000000000000000000101001001001
000000101100001000000000000000000000101001110001
000000101100001100000000000000000000100001101011
000000101100010000000000000000000000011110111001
000000101100010100000000000000000000110100001111
000000101100011000000000000000000000111110000000
000000101100011100000000000000000000010110100100
000000101100100000000000000000000000111111100000
000000101100100100000000000000000000101000011010
000000101100101000000000000000000000000010001101
000000101100101100000000000000000000110110111111
000000101100110000000000000000000000100110010111
000000101100110100000000000000000000010010000111
000000101100111000000000000000000000000000001110
000000101100111100000000000000000000001100100010
000000101101000000000000000000000000001110100111
000000101101000100000000000000000000000101001100
000000101101001000000000000000000000001111001010
000000101101001100000000000000000000100100010000
000000101101010000000000000000000000101001001010
000000101101010100000000000000000000111100001110
000000101101011000000000000000000000111001011011
000000101101011100000000000000000000100111100100
000000101101100000000000000000000000001101111010
000000101101100100000000000000000000010001000111
000000101101101000000000000000000000110110110011
000000101101101100000000000000000000011110010001
000000101101110000000000000000000000111110001011
000000101101110100000000000000000000101000001110
000000101101111000000000000000000000110010101011
000000101101111100000000000000000000111111010100
000000101110000000000000000000000000001010110001
000000101110000100000000000000000000010001011000
000000101110001000000000000000000000110110100111
000000101110001100000000000000000000111101001001
000000101110010000000000000000000000010000000011
000000101110010100000000000000000000010010000010
000000101110011000000000000000000000011000100010
000000101110011100000000000000000000111010001000
000000101110100000000000000000000000000101010010
000000101110100100000000000000000000110111100000
000000101110101000000000000000000000000100101111
000000101110101100000000000000000000100010100001
000000101110110000000000000000000000110101101100
000000101110110100000000000000000000110110000100
000000101110111000000000000000000000110111101110
000000101110111100000000000000000000001001001111
000000101111000000000000000000000000100110101100
000000101111000100000000000000000000010010100011
000000101111001000000000000000000000000111111000
000000101111001100000000000000000000000011101101
000000101111010000000000000000000000100010001111
000000101111010100000000000000000000000010001110
000000101111011000000000000000000000001000001000
000000101111011100000000000000000000111111100101
000000101111100000000000000000000000101010110100
000000101111100100000000000000000000101110001000
000000101111101000000000000000000000010000110111
000000101111101100000000000000000000110111111101
000000101111110000000000000000000000101101100111
000000101111110100000000000000000000011011001100
000000101111111000000000000000000000011111000100
000000101111111100000000000000000000001010111101
000000110000000000000000000000000000100000000011
000000110000000100000000000000000000111100111101
000000110000001000000000000000000000111110100101
000000110000001100000000000000000000100000000110
000000110000010000000000000000000000000000001000
000000110000010100000000000000000000111010000110
000000110000011000000000000000000000011111001001
000000110000011100000000000000000000111001011110
000000110000100000000000000000000000011110110011
000000110000100100000000000000000000100111001111
000000110000101000000000000000000000011000110111
000000110000101100000000000000000000001111000010
000000110000110000000000000000000000111011110100
000000110000110100000000000000000000010100001100
000000110000111000000000000000000000101011100101
000000110000111100000000000000000000101001000001
000000110001000000000000000000000000111101010011
000000110001000100000000000000000000010000100110
000000110001001000000000000000000000010001100000
000000110001001100000000000000000000111100001010
000000110001010000000000000000000000011101000100
000000110001010100000000000000000000010001001110
000000110001011000000000000000000000101111111101
000000110001011100000000000000000000111110001111
000000110001100000000000000000000000101101000010
000000110001100100000000000000000000100110010101
000000110001101000000000000000000000001000101100
000000110001101100000000000000000000101100100011
000000110001110000000000000000000000101101001110
000000110001110100000000000000000000010101101100
000000110001111000000000000000000000001100010111
000000110001111100000000000000000000001111111100
000000110010000000000000000000000000100110010001
000000110010000100000000000000000000010100110010
000000110010001000000000000000000000111111001111
000000110010001100000000000000000000001111010001
000000110010010000000000000000000000111100101011
000000110010010100000000000000000000010111110011
000000110010011000000000000000000000110000100000
000000110010011100000000000000000000011101000001
000000110010100000000000000000000000010011100011
000000110010100100000000000000000000000101010111
000000110010101000000000000000000000000010000110
000000110010101100000000000000000000101111010011
000000110010110000000000000000000000111001100101
000000110010110100000000000000000000110110111101
000000110010111000000000000000000000100001000111
000000110010111100000000000000000000111100100111
000000110011000000000000000000000000100010000000
000000110011000100000000000000000000111110000110
000000110011001000000000000000000000100010001100
000000110011001100000000000000000000000001111000
000000110011010000000000000000000000101001100001
000000110011010100000000000000000000101110101100
000000110011011000000000000000000000111000110001
000000110011011100000000000000000000010010110101
000000110011100000000000000000000000011100101100
000000110011100100000000000000000000000001000101
000000110011101000000000000000000000001011110000
000000110011101100000000000000000000110010011100
000000110011110000000000000000000000011010001001
000000110011110100000000000000000000111101100011
000000110011111000000000000000000000100011010101
000000110011111100000000000000000000111110011010
000000110100000000000000000000000000011011100110
000000110100000100000000000000000000110111011101
000000110100001000000000000000000000011000101010
000000110100001100000000000000000000010011101100
000000110100010000000000000000000000010100100100
000000110100010100000000000000000000110010100001
000000110100011000000000000000000000100010001110
000000110100011100000000000000000000110110101011
000000110100100000000000000000000000011010101011
000000110100100100000000000000000000101101001010
000000110100101000000000000000000000001101010000
000000110100101100000000000000000000000101100110
000000110100110000000000000000000000000010101111
000000110100110100000000000000000000011010101101
000000110100111000000000000000000000101110111100
000000110100111100000000000000000000010011010110
000000110101000000000000000000000000011111010101
000000110101000100000000000000000000001101010111
000000110101001000000000000000000000111100110101
000000110101001100000000000000000000100001010110
000000110101010000000000000000000000101101101000
000000110101010100000000000000000000011000110011
000000110101011000000000000000000000000000111011
000000110101011100000000000000000000001111100001
000000110101100000000000000000000000001010000101
000000110101100100000000000000000000001111000110
000000110101101000000000000000000000011001111001
000000110101101100000000000000000000110001010111
000000110101110000000000000000000000110101010100
000000110101110100000000000000000000101000100111
000000110101111000000000000000000000110100011001
000000110101111100000000000000000000000010111000
000000110110000000000000000000000000001100101111
000000110110000100000000000000000000000110110101
000000110110001000000000000000000000010001101110
000000110110001100000000000000000000011000111001
000000110110010000000000000000000000110101011000
000000110110010100000000000000000000010000001000
000000110110011000000000000000000000111101110101
000000110110011100000000000000000000001111101110
000000110110100000000000000000000000101011111101
000000110110100100000000000000000000000011110110
000000110110101000000000000000000000010001010000
000000110110101100000000000000000000011001110101
000000110110110000000000000000000000000111100010
000000110110110100000000000000000000010111001101
000000110110111000000000000000000000111000001001
000000110110111100000000000000000000000101111100
000000110111000000000000000000000000110000111001
000000110111000100000000000000000000110100111011
000000110111001000000000000000000000111101001011
000000110111001100000000000000000000000011001100
000000110111010000000000000000000000110011100000
000000110111010100000000000000000000000000110110
000000110111011000000000000000000000000100000100
000000110111011100000000000000000000110111010011
000000110111100000000000000000000000000000010111
000000110111100100000000000000000000010011110100
000000110111101000000000000000000000011001010011
000000110111101100000000000000000000110110101010
000000110111110000000000000000000000010010011110
000000110111110100000000000000000000111110000010
000000110111111000000000000000000000011100001001
000000110111111100000000000000000000101111100100
000000111000000000000000000000000000101111101011
000000111000000100000000000000000000110010010000
000000111000001000000000000000000000011110011000
000000111000001100000000000000000000101001010010
000000111000010000000000000000000000011010110100
000000111000010100000000000000000000100110111011
000000111000011000000000000000000000100101101011
000000111000011100000000000000000000110101010001
000000111000100000000000000000000000000000011010
000000111000100100000000000000000000111111110010
000000111000101000000000000000000000001001000010
000000111000101100000000000000000000000110101010
000000111000110000000000000000000000111000111011
000000111000110100000000000000000000001000011100
000000111000111000000000000000000000101011001000
000000111000111100000000000000000000110000111100
000000111001000000000000000000000000001101010011
000000111001000100000000000000000000110100110011
000000111001001000000000000000000000011110011100
000000111001001100000000000000000000011111110111
000000111001010000000000000000000000011110110001
000000111001010100000000000000000000011100110110
000000111001011000000000000000000000011110011011
000000111001011100000000000000000000110111000111
000000111001100000000000000000000000011111111101
000000111001100100000000000000000000001110101001
000000111001101000000000000000000000000101101101
000000111001101100000000000000000000001011001001
000000111001110000000000000000000000000010111110
000000111001110100000000000000000000100000101010
000000111001111000000000000000000000110111110100
000000111001111100000000000000000000100001100101
000000111010000000000000000000000000001010000011
000000111010000100000000000000000000111001111000
000000111010001000000000000000000000111010001111
000000111010001100000000000000000000001010001110
000000111010010000000000000000000000011000011101
000000111010010100000000000000000000010010110111
000000111010011000000000000000000000111100000011
000000111010011100000000000000000000010011100101
000000111010100000000000000000000000000110100000
000000111010100100000000000000000000100001000011
000000111010101000000000000000000000010111101001
000000111010101100000000000000000000110101001001
000000111010110000000000000000000000111110110110
000000111010110100000000000000000000000001011101
000000111010111000000000000000000000101111010000
000000111010111100000000000000000000001101111011
000000111011000000000000000000000000011000000101
000000111011000100000000000000000000010110000000
000000111011001000000000000000000000010101001101
000000111011001100000000000000000000000100010100
000000111011010000000000000000000000010100101001
000000111011010100000000000000000000110111010000
000000111011011000000000000000000000111111101111
000000111011011100000000000000000000000111100100
000000111011100000000000000000000000100001101110
000000111011100100000000000000000000100010110101
000000111011101000000000000000000000110111010111
000000111011101100000000000000000000100000010001
000000111011110000000000000000000000000101000011
000000111011110100000000000000000000011111000001
000000111011111000000000000000000000101000111101
000000111011111100000000000000000000001000000110
000000111100000000000000000000000000000110111001
000000111100000100000000000000000000010000100000
000000111100001000000000000000000000101000001011
000000111100001100000000000000000000011101101110
000000111100010000000000000000000000010111101010
000000111100010100000000000000000000111011100001
000000111100011000000000000000000000101000111111
000000111100011100000000000000000000010111101111
000000111100100000000000000000000000011111100010
000000111100100100000000000000000000100100010101
000000111100101000000000000000000000000011101100
000000111100101100000000000000000000001000000111
000000111100110000000000000000000000101110110011
000000111100110100000000000000000000111100010010
000000111100111000000000000000000000011100010101
000000111100111100000000000000000000001110010101
000000111101000000000000000000000000101101110101
000000111101000100000000000000000000010100001011
000000111101001000000000000000000000110001010100
000000111101001100000000000000000000001111010100
000000111101010000000000000000000000111110110100
000000111101010100000000000000000000000100110011
000000111101011000000000000000000000000001101011
000000111101011100000000000000000000111011000101
000000111101100000000000000000000000100000111111
000000111101100100000000000000000000001011111010
000000111101101000000000000000000000101100100100
000000111101101100000000000000000000101100111110
000000111101110000000000000000000000101001110011
000000111101110100000000000000000000101111110000
000000111101111000000000000000000000100011100111
000000111101111100000000000000000000000010111101
000000111110000000000000000000000000001010010101
000000111110000100000000000000000000111100011010
000000111110001000000000000000000000111011111101
000000111110001100000000000000000000010001001000
000000111110010000000000000000000000001001001001
000000111110010100000000000000000000101000011110
000000111110011000000000000000000000011111011010
000000111110011100000000000000000000111011000100
000000111110100000000000000000000000000001010101
000000111110100100000000000000000000010111100011
000000111110101000000000000000000000010001000000
000000111110101100000000000000000000001000101000
000000111110110000000000000000000000000101010011
000000111110110100000000000000000000100101001101
000000111110111000000000000000000000010011000000
000000111110111100000000000000000000111000001100
000000111111000000000000000000000000111001100111
000000111111000100000000000000000000100010101001
000000111111001000000000000000000000101001011110
000000111111001100000000000000000000000100010110
000000111111010000000000000000000000100110100100
000000111111010100000000000000000000110001011001
000000111111011000000000000000000000001100011100
000000111111011100000000000000000000000100000000
000000111111100000000000000000000000000100100111
000000111111100100000000000000000000101101010100
000000111111101000000000000000000000111010100011
000000111111101100000000000000000000011000110010
000000111111110000000000000000000000100101000000
000000111111110100000000000000000000011011111111
000000111111111000000000000000000000100101110001
000000111111111100000000000000000000110011110000
000001000000000000000000000000000000011000110000
000001000000000100000000000000000000110101101001
000001000000001000000000000000000000010011011010
000001000000001100000000000000000000111010011010
000001000000010000000000000000000000100101111000
000001000000010100000000000000000000001011010101
000001000000011000000000000000000000101001011000
000001000000011100000000000000000000000001100100
000001000000100000000000000000000000001000110001
000001000000100100000000000000000000101001110101
000001000000101000000000000000000000010010011001
000001000000101100000000000000000000010111100100
000001000000110000000000000000000000111100010011
000001000000110100000000000000000000110111000100
000001000000111000000000000000000000101101000001
000001000000111100000000000000000000111110010001
000001000001000000000000000000000000110100101000
000001000001000100000000000000000000010000000100
000001000001001000000000000000000000110101010010
000001000001001100000000000000000000011110100101
000001000001010000000000000000000000111001001010
000001000001010100000000000000000000110101101111
000001000001011000000000000000000000010100111000
000001000001011100000000000000000000100100100110
000001000001100000000000000000000000100010100100
000001000001100100000000000000000000100010101000
000001000001101000000000000000000000111001001000
000001000001101100000000000000000000100111110100
000001000001110000000000000000000000011101010101
000001000001110100000000000000000000100011010001
000001000001111000000000000000000000111101010100
000001000001111100000000000000000000100011011010
000001000010000000000000000000000000010110110001
000001000010000100000000000000000000000011011000
000001000010001000000000000000000000010010001011
000001000010001100000000000000000000010000011001
000001000010010000000000000000000000001111001101
000001000010010100000000000000000000000011101111
000001000010011000000000000000000000001111010000
000001000010011100000000000000000000100000111010
000001000010100000000000000000000000000011101011
000001000010100100000000000000000000000111111010
000001000010101000000000000000000000101010110101
000001000010101100000000000000000000001110001100
000001000010110000000000000000000000000100000111
000001000010110100000000000000000000001101000100
000001000010111000000000000000000000110100011101
000001000010111100000000000000000000011000100110
000001000011000000000000000000000000001011100000
000001000011000100000000000000000000101111101101
000001000011001000000000000000000000111111111110
000001000011001100000000000000000000100100100000
000001000011010000000000000000000000101111011001
000001000011010100000000000000000000010001001100
000001000011011000000000000000000000100011000000
000001000011011100000000000000000000011001110010
000001000011100000000000000000000000010001010110
000001000011100100000000000000000000111100101100
000001000011101000000000000000000000000111011111
000001000011101100000000000000000000000111110001
000001000011110000000000000000000000111111100010
000001000011110100000000000000000000110011011011
000001000011111000000000000000000000110001100000
000001000011111100000000000000000000000111100000
000001000100000000000000000000000000100100111010
000001000100000100000000000000000000001000111100
000001000100001000000000000000000000111101010001
000001000100001100000000000000000000111010011011
000001000100010000000000000000000000010001110011
000001000100010100000000000000000000000000000011
000001000100011000000000000000000000011010111010
000001000100011100000000000000000000011101010001
000001000100100000000000000000000000100100011100
000001000100100100000000000000000000100101110111
000001000100101000000000000000000000011000011000
000001000100101100000000000000000000001101101101
000001000100110000000000000000000000101010111110
000001000100110100000000000000000000000101010000
000001000100111000000000000000000000000011110000
000001000100111100000000000000000000111111011010
000001000101000000000000000000000000101010001011
000001000101000100000000000000000000100010100010
000001000101001000000000000000000000000011110101
000001000101001100000000000000000000111110011000
000001000101010000000000000000000000110101010110
000001000101010100000000000000000000110110010100
000001000101011000000000000000000000001000110100
000001000101011100000000000000000000100111101001
000001000101100000000000000000000000001010111110
000001000101100100000000000000000000001110010111
000001000101101000000000000000000000001101001011
000001000101101100000000000000000000011000110110
000001000101110000000000000000000000001011110101
000001000101110100000000000000000000110000111000
000001000101111000000000000000000000010000110000
000001000101111100000000000000000000100110100010
000001000110000000000000000000000000011001010110
000001000110000100000000000000000000001010100111
000001000110001000000000000000000000001001110101
000001000110001100000000000000000000101101011100
000001000110010000000000000000000000101010000011
000001000110010100000000000000000000001010110101
000001000110011000000000000000000000100110001010
000001000110011100000000000000000000000001110000
000001000110100000000000000000000000010100111110
000001000110100100000000000000000000011100000101
000001000110101000000000000000000000110001011011
000001000110101100000000000000000000101011011010
000001000110110000000000000000000000111011010101
000001000110110100000000000000000000000010001111
000001000110111000000000000000000000100101011010
000001000110111100000000000000000000101111011101
000001000111000000000000000000000000100000000010
000001000111000100000000000000000000100010001000
000001000111001000000000000000000000110000000000
000001000111001100000000000000000000001111000101
000001000111010000000000000000000000100011000110
000001000111010100000000000000000000110010111000
000001000111011000000000000000000000001110110000
000001000111011100000000000000000000011000010010
000001000111100000000000000000000000010001110001
000001000111100100000000000000000000101110101011
000001000111101000000000000000000000110010101111
000001000111101100000000000000000000011000101100
000001000111110000000000000000000000110011101101
000001000111110100000000000000000000111011010001
000001000111111000000000000000000000000100101101
000001000111111100000000000000000000101010101011
000001001000000000000000000000000000000010101001
000001001000000100000000000000000000100101011111
000001001000001000000000000000000000110111000001
000001001000001100000000000000000000111010011101
000001001000010000000000000000000000111101101010
000001001000010100000000000000000000010000100010
000001001000011000000000000000000000101100011001
000001001000011100000000000000000000010101000011
000001001000100000000000000000000000011100000111
000001001000100100000000000000000000111001101101
000001001000101000000000000000000000011010011001
000001001000101100000000000000000000001001100001
000001001000110000000000000000000000101000011011
000001001000110100000000000000000000100110111010
000001001000111000000000000000000000110110111001
000001001000111100000000000000000000110011110111
000001001001000000000000000000000000000110000001
000001001001000100000000000000000000100011100101
000001001001001000000000000000000000111011011100
000001001001001100000000000000000000011011000010
000001001001010000000000000000000000100011000011
000001001001010100000000000000000000111110101111
000001001001011000000000000000000000111011010000
000001001001011100000000000000000000010011111100
000001001001100000000000000000000000110111111000
000001001001100100000000000000000000010010101000
000001001001101000000000000000000000011000101110
000001001001101100000000000000000000100011110101
000001001001110000000000000000000000000101001000
000001001001110100000000000000000000010101010111
000001001001111000000000000000000000010001100011
000001001001111100000000000000000000101111001001
000001001010000000000000000000000000011111000110
000001001010000100000000000000000000001001001110
000001001010001000000000000000000000010101001111
000001001010001100000000000000000000111100011100
000001001010010000000000000000000000001001000000
000001001010010100000000000000000000100010010011
000001001010011000000000000000000000001011000100
000001001010011100000000000000000000110011000001
000001001010100000000000000000000000100100000101
000001001010100100000000000000000000111000000011
000001001010101000000000000000000000100110010010
000001001010101100000000000000000000000000010110
000001001010110000000000000000000000100011001110
000001001010110100000000000000000000011110111100
000001001010111000000000000000000000100010111011
000001001010111100000000000000000000000010001000
000001001011000000000000000000000000000000111110
000001001011000100000000000000000000110000110110
000001001011001000000000000000000000000010110011
000001001011001100000000000000000000000000101000
000001001011010000000000000000000000001101011010
000001001011010100000000000000000000001001110100
000001001011011000000000000000000000000000111000
000001001011011100000000000000000000000011111101
000001001011100000000000000000000000101101100110
000001001011100100000000000000000000000001101000
000001001011101000000000000000000000010010001000
000001001011101100000000000000000000011011010100
000001001011110000000000000000000000111110100100
000001001011110100000000000000000000111101000101
000001001011111000000000000000000000110011101100
000001001011111100000000000000000000110000100110
000001001100000000000000000000000000010010101110
000001001100000100000000000000000000011100000110
000001001100001000000000000000000000001110110100
000001001100001100000000000000000000010010101100
000001001100010000000000000000000000011010100001
000001001100010100000000000000000000100000011101
000001001100011000000000000000000000010001001101
000001001100011100000000000000000000100111000011
000001001100100000000000000000000000110100101011
000001001100100100000000000000000000011100001110
000001001100101000000000000000000000101000010000
000001001100101100000000000000000000010011010101
000001001100110000000000000000000000010000100001
000001001100110100000000000000000000100011010100
000001001100111000000000000000000000010010000000
000001001100111100000000000000000000110100101100
000001001101000000000000000000000000010100011111
000001001101000100000000000000000000001001011101
000001001101001000000000000000000000010110110100
000001001101001100000000000000000000100011011101
000001001101010000000000000000000000011111101111
000001001101010100000000000000000000111100011011
000001001101011000000000000000000000000101000100
000001001101011100000000000000000000110111100110
000001001101100000000000000000000000010000111000
000001001101100100000000000000000000010101011110
000001001101101000000000000000000000010110101010
000001001101101100000000000000000000100000110010
000001001101110000000000000000000000110000111111
000001001101110100000000000000000000011000101001
000001001101111000000000000000000000000101001101
000001001101111100000000000000000000011111010001
000001001110000000000000000000000000011100010000
000001001110000100000000000000000000101011100001
000001001110001000000000000000000000010101100110
000001001110001100000000000000000000011100010011
000001001110010000000000000000000000010110100001
000001001110010100000000000000000000001100010011
000001001110011000000000000000000000110110010000
000001001110011100000000000000000000000011000001
000001001110100000000000000000000000111010110101
000001001110100100000000000000000000011110110000
000001001110101000000000000000000000000100110000
000001001110101100000000000000000000111100101111
000001001110110000000000000000000000110001011100
000001001110110100000000000000000000101101110100
000001001110111000000000000000000000000001001101
000001001110111100000000000000000000010111001011
000001001111000000000000000000000000001000011110
000001001111000100000000000000000000011000111000
000001001111001000000000000000000000100100001001
000001001111001100000000000000000000111100001101
000001001111010000000000000000000000101011001011
000001001111010100000000000000000000110100010100
000001001111011000000000000000000000101111100010
000001001111011100000000000000000000010100000010
000001001111100000000000000000000000010010110001
000001001111100100000000000000000000011110000110
000001001111101000000000000000000000101010110111
000001001111101100000000000000000000111011110111
000001001111110000000000000000000000001010100000
000001001111110100000000000000000000000011000011
000001001111111000000000000000000000100000000111
000001001111111100000000000000000000110000100011
000001010000000000000000000000000000010011000011
000001010000000100000000000000000000101111011011
000001010000001000000000000000000000110100111101
000001010000001100000000000000000000101111101110
000001010000010000000000000000000000010100010010
000001010000010100000000000000000000110111001110
000001010000011000000000000000000000101111011110
000001010000011100000000000000000000110000010010
000001010000100000000000000000000000010000110001
000001010000100100000000000000000000010010111101
000001010000101000000000000000000000101110111001
000001010000101100000000000000000000111111001101
000001010000110000000000000000000000000110110110
000001010000110100000000000000000000111011110110
000001010000111000000000000000000000010010000101
000001010000111100000000000000000000101110111101
000001010001000000000000000000000000100010110111
000001010001000100000000000000000000100011111001
000001010001001000000000000000000000010011110000
000001010001001100000000000000000000011001011110
000001010001010000000000000000000000001010101100
000001010001010100000000000000000000001000011000
000001010001011000000000000000000000010100110110
000001010001011100000000000000000000111111100110
000001010001100000000000000000000000011001101101
000001010001100100000000000000000000001100110010
000001010001101000000000000000000000001101001100
000001010001101100000000000000000000010100110001
000001010001110000000000000000000000001011011000
000001010001110100000000000000000000001000000100
000001010001111000000000000000000000101110110010
000001010001111100000000000000000000100110101101
000001010010000000000000000000000000011000100100
000001010010000100000000000000000000101101111100
000001010010001000000000000000000000001101010001
000001010010001100000000000000000000001110011010
000001010010010000000000000000000000000001110011
000001010010010100000000000000000000111111010101
000001010010011000000000000000000000001001100011
000001010010011100000000000000000000111100111010
000001010010100000000000000000000000011111101001
000001010010100100000000000000000000110011011110
000001010010101000000000000000000000101001100010
000001010010101100000000000000000000101110100011
000001010010110000000000000000000000101000100110
000001010010110100000000000000000000011000010111
000001010010111000000000000000000000110101110011
000001010010111100000000000000000000101011101101
000001010011000000000000000000000000111111000000
000001010011000100000000000000000000101110011011
000001010011001000000000000000000000010101011000
000001010011001100000000000000000000000111111101
000001010011010000000000000000000000001010011101
000001010011010100000000000000000000100111101000
000001010011011000000000000000000000100001110011
000001010011011100000000000000000000001001101110
000001010011100000000000000000000000111010101000
000001010011100100000000000000000000111100000010
000001010011101000000000000000000000011010101001
000001010011101100000000000000000000110111000101
000001010011110000000000000000000000010111000100
000001010011110100000000000000000000101000000001
000001010011111000000000000000000000001100011011
000001010011111100000000000000000000001001011110
000001010100000000000000000000000000001011101011
000001010100000100000000000000000000111101001101
000001010100001000000000000000000000101001000100
000001010100001100000000000000000000010010100010
000001010100010000000000000000000000111010001101
000001010100010100000000000000000000010111001001
000001010100011000000000000000000000000011111011
000001010100011100000000000000000000010101101111
000001010100100000000000000000000000001011111111
000001010100100100000000000000000000100110010000
000001010100101000000000000000000000010101100111
000001010100101100000000000000000000110000011010
000001010100110000000000000000000000000100111010
000001010100110100000000000000000000101101010000
000001010100111000000000000000000000011110111110
000001010100111100000000000000000000100011001100
000001010101000000000000000000000000110011101000
000001010101000100000000000000000000101000101001
000001010101001000000000000000000000000011111001
000001010101001100000000000000000000110001110000
000001010101010000000000000000000000000110000110
000001010101010100000000000000000000000011010110
000001010101011000000000000000000000010000101000
000001010101011100000000000000000000111000100011
000001010101100000000000000000000000110011011010
000001010101100100000000000000000000110001011101
000001010101101000000000000000000000000010001011
000001010101101100000000000000000000110010010110
000001010101110000000000000000000000011011110100
000001010101110100000000000000000000001010100100
000001010101111000000000000000000000001111000111
000001010101111100000000000000000000101011010111
000001010110000000000000000000000000011010001010
000001010110000100000000000000000000100101001110
000001010110001000000000000000000000100000101000
000001010110001100000000000000000000011100111000
000001010110010000000000000000000000001110011100
000001010110010100000000000000000000010000111111
000001010110011000000000000000000000011000000110
000001010110011100000000000000000000101011100011
000001010110100000000000000000000000111010011111
000001010110100100000000000000000000110011100011
000001010110101000000000000000000000101001011101
000001010110101100000000000000000000011111001101
000001010110110000000000000000000000100001001100
000001010110110100000000000000000000110111110001
000001010110111000000000000000000000110011011111
000001010110111100000000000000000000111100000001
000001010111000000000000000000000000100111111111
000001010111000100000000000000000000010111101110
000001010111001000000000000000000000010100100101
000001010111001100000000000000000000101011100000
000001010111010000000000000000000000001001110000
000001010111010100000000000000000000111010101100
000001010111011000000000000000000000100110011110
000001010111011100000000000000000000101110011000
000001010111100000000000000000000000100111101100
000001010111100100000000000000000000111101110011
000001010111101000000000000000000000001101011001
000001010111101100000000000000000000110000001111
000001010111110000000000000000000000100000011001
000001010111110100000000000000000000010101011001
000001010111111000000000000000000000010000010101
000001010111111100000000000000000000111111010111
000001011000000000000000000000000000100001000001
000001011000000100000000000000000000101011010100
000001011000001000000000000000000000111111001011
000001011000001100000000000000000000010111010110
000001011000010000000000000000000000011111001010
000001011000010100000000000000000000011111011101
000001011000011000000000000000000000100000001101
000001011000011100000000000000000000101001010101
000001011000100000000000000000000000000011000000
000001011000100100000000000000000000000111011011
000001011000101000000000000000000000100000001111
000001011000101100000000000000000000010110100010
000001011000110000000000000000000000001110010011
000001011000110100000000000000000000110111001000
000001011000111000000000000000000000111110100111
000001011000111100000000000000000000000100001010
000001011001000000000000000000000000011010101000
000001011001000100000000000000000000100001001111
000001011001001000000000000000000000011010010011
000001011001001100000000000000000000001010101001
000001011001010000000000000000000000111000000100
000001011001010100000000000000000000101111001110
000001011001011000000000000000000000100010111100
000001011001011100000000000000000000101110010100
000001011001100000000000000000000000111110110101
000001011001100100000000000000000000100001001110
000001011001101000000000000000000000110001000110
000001011001101100000000000000000000111111101001
000001011001110000000000000000000000010111100000
000001011001110100000000000000000000000001001110
000001011001111000000000000000000000011101001011
000001011001111100000000000000000000100111110001
000001011010000000000000000000000000000101000110
000001011010000100000000000000000000111100001001
000001011010001000000000000000000000011010110011
000001011010001100000000000000000000111000011011
000001011010010000000000000000000000100011101110
000001011010010100000000000000000000001010001111
000001011010011000000000000000000000011111011001
000001011010011100000000000000000000000011001010
000001011010100000000000000000000000110000000111
000001011010100100000000000000000000110010001001
000001011010101000000000000000000000001100111001
000001011010101100000000000000000000111000101101
000001011010110000000000000000000000110010100110
000001011010110100000000000000000000001110101110
000001011010111000000000000000000000001001111111
000001011010111100000000000000000000101001111100
000001011011000000000000000000000000001010110100
000001011011000100000000000000000000000010011000
000001011011001000000000000000000000010110100110
000001011011001100000000000000000000011101001000
000001011011010000000000000000000000110101111111
000001011011010100000000000000000000000011100101
000001011011011000000000000000000000101000000010
000001011011011100000000000000000000111111101011
000001011011100000000000000000000000101000000110
000001011011100100000000000000000000110001011000
000001011011101000000000000000000000111000011110
000001011011101100000000000000000000110001100011
000001011011110000000000000000000000110100000011
000001011011110100000000000000000000000000000111
000001011011111000000000000000000000100011110001
000001011011111100000000000000000000110111110101
000001011100000000000000000000000000110100001010
000001011100000100000000000000000000110100001101
000001011100001000000000000000000000111101101110
000001011100001100000000000000000000100110000011
000001011100010000000000000000000000111100100000
000001011100010100000000000000000000000111000000
000001011100011000000000000000000000011111110000
000001011100011100000000000000000000000010000101
000001011100100000000000000000000000001001001100
000001011100100100000000000000000000001111110000
000001011100101000000000000000000000010101111100
000001011100101100000000000000000000100001001011
000001011100110000000000000000000000001100010001
000001011100110100000000000000000000111100110001
000001011100111000000000000000000000000000100100
000001011100111100000000000000000000000100010101
000001011101000000000000000000000000010101101011
000001011101000100000000000000000000101100110010
000001011101001000000000000000000000100111011001
000001011101001100000000000000000000110001001011
000001011101010000000000000000000000001110111010
000001011101010100000000000000000000010010001111
000001011101011000000000000000000000111101011001
000001011101011100000000000000000000010011100110
000001011101100000000000000000000000000110010101
000001011101100100000000000000000000111011000111
000001011101101000000000000000000000100000101001
000001011101101100000000000000000000000101000010
000001011101110000000000000000000000011110010110
000001011101110100000000000000000000001000010110
000001011101111000000000000000000000001110011001
000001011101111100000000000000000000100110000100
000001011110000000000000000000000000011111101100
000001011110000100000000000000000000101110001010
000001011110001000000000000000000000101111110100
000001011110001100000000000000000000010110100011
000001011110010000000000000000000000111011101010
000001011110010100000000000000000000111001100010
000001011110011000000000000000000000101010011010
000001011110011100000000000000000000100000100100
000001011110100000000000000000000000000011011001
000001011110100100000000000000000000101011010110
000001011110101000000000000000000000101011101111
000001011110101100000000000000000000100001000110
000001011110110000000000000000000000101111100001
000001011110110100000000000000000000101000001010
000001011110111000000000000000000000101010101000
000001011110111100000000000000000000110100110100
000001011111000000000000000000000000100110100011
000001011111000100000000000000000000110111001111
000001011111001000000000000000000000101100100000
000001011111001100000000000000000000101110100101
000001011111010000000000000000000000111110011011
000001011111010100000000000000000000100111010100
000001011111011000000000000000000000011100010010
000001011111011100000000000000000000001100100101
000001011111100000000000000000000000111000011100
000001011111100100000000000000000000100101001010
000001011111101000000000000000000000101001010100
000001011111101100000000000000000000101101101111
000001011111110000000000000000000000010011001110
000001011111110100000000000000000000011100001000
000001011111111000000000000000000000010111111011
000001011111111100000000000000000000011010111000
000001100000000000000000000000000000100100000100
000001100000000100000000000000000000010011000001
000001100000001000000000000000000000111011100111
000001100000001100000000000000000000011010011111
000001100000010000000000000000000000001011111001
000001100000010100000000000000000000010011101000
000001100000011000000000000000000000011100101101
000001100000011100000000000000000000110100101101
000001100000100000000000000000000000010100000101
000001100000100100000000000000000000101100000010
000001100000101000000000000000000000110101111100
000001100000101100000000000000000000110101000010
000001100000110000000000000000000000111100000000
000001100000110100000000000000000000100110010011
000001100000111000000000000000000000010110011111
000001100000111100000000000000000000111101101100
000001100001000000000000000000000000111011100101
000001100001000100000000000000000000100110110101
000001100001001000000000000000000000010100100000
000001100001001100000000000000000000110101111101
000001100001010000000000000000000000000101100001
000001100001010100000000000000000000010000011011
000001100001011000000000000000000000101101100001
000001100001011100000000000000000000010111100001
000001100001100000000000000000000000101010111111
000001100001100100000000000000000000000010110110
000001100001101000000000000000000000101100110101
000001100001101100000000000000000000001110110010
000001100001110000000000000000000000001011101111
000001100001110100000000000000000000110111011111
000001100001111000000000000000000000111100101010
000001100001111100000000000000000000110111001011
000001100010000000000000000000000000110101000101
000001100010000100000000000000000000111110000011
000001100010001000000000000000000000110101110100
000001100010001100000000000000000000000000000100
000001100010010000000000000000000000111010111010
000001100010010100000000000000000000010010111010
000001100010011000000000000000000000010010111111
000001100010011100000000000000000000011110011110
000001100010100000000000000000000000011111100111
000001100010100100000000000000000000010100101000
000001100010101000000000000000000000000000001111
000001100010101100000000000000000000010101001110
000001100010110000000000000000000000111010010011
000001100010110100000000000000000000110110100101
000001100010111000000000000000000000000001110001
000001100010111100000000000000000000110011010010
000001100011000000000000000000000000110011000101
000001100011000100000000000000000000010001111111
000001100011001000000000000000000000111110001001
000001100011001100000000000000000000010000110110
000001100011010000000000000000000000110000011001
000001100011010100000000000000000000100011001000
000001100011011000000000000000000000100111011100
000001100011011100000000000000000000110011001100
000001100011100000000000000000000000111110010110
000001100011100100000000000000000000111011011000
000001100011101000000000000000000000010011101101
000001100011101100000000000000000000100100100010
000001100011110000000000000000000000001000000001
000001100011110100000000000000000000110011001011
000001100011111000000000000000000000010011100001
000001100011111100000000000000000000001111001011
000001100100000000000000000000000000001000100110
000001100100000100000000000000000000000111100001
000001100100001000000000000000000000111010001100
000001100100001100000000000000000000101000110101
000001100100010000000000000000000000011101100110
000001100100010100000000000000000000110110101000
000001100100011000000000000000000000000000001101
000001100100011100000000000000000000110000110001
000001100100100000000000000000000000111010110011
000001100100100100000000000000000000000111010011
000001100100101000000000000000000000000110100101
000001100100101100000000000000000000000001111101
000001100100110000000000000000000000111010010111
000001100100110100000000000000000000010101110010
000001100100111000000000000000000000111110111011
000001100100111100000000000000000000010101010011
000001100101000000000000000000000000111100001000
000001100101000100000000000000000000001010011110
000001100101001000000000000000000000011101101101
000001100101001100000000000000000000010110100101
000001100101010000000000000000000000011100111101
000001100101010100000000000000000000000100110100
000001100101011000000000000000000000100001101000
000001100101011100000000000000000000010100110000
000001100101100000000000000000000000010100001110
000001100101100100000000000000000000011110101111
000001100101101000000000000000000000011110000101
000001100101101100000000000000000000110111011100
000001100101110000000000000000000000001101011011
000001100101110100000000000000000000110100001000
000001100101111000000000000000000000110000010101
000001100101111100000000000000000000110001000111
000001100110000000000000000000000000111000110010
000001100110000100000000000000000000000011111111
000001100110001000000000000000000000001100011111
000001100110001100000000000000000000111111101110
000001100110010000000000000000000000011011001101
000001100110010100000000000000000000111101100110
000001100110011000000000000000000000011100101001
000001100110011100000000000000000000010000011010
000001100110100000000000000000000000011110100001
000001100110100100000000000000000000110111001100
000001100110101000000000000000000000010011110010
000001100110101100000000000000000000010100101100
000001100110110000000000000000000000100101110101
000001100110110100000000000000000000111001101100
000001100110111000000000000000000000101010100000
000001100110111100000000000000000000000100011011
000001100111000000000000000000000000101101100101
000001100111000100000000000000000000101111001101
000001100111001000000000000000000000100101010011
000001100111001100000000000000000000011111000010
000001100111010000000000000000000000100111011111
000001100111010100000000000000000000011111110101
000001100111011000000000000000000000000101010110
000001100111011100000000000000000000101010010010
000001100111100000000000000000000000000010100101
000001100111100100000000000000000000000110101111
000001100111101000000000000000000000010111110101
000001100111101100000000000000000000110100000111
000001100111110000000000000000000000111011101110
000001100111110100000000000000000000110110100011
000001100111111000000000000000000000111111011111
000001100111111100000000000000000000111100110010
000001101000000000000000000000000000011000111101
000001101000000100000000000000000000110011000100
000001101000001000000000000000000000001010101101
000001101000001100000000000000000000011100000001
000001101000010000000000000000000000101000010100
000001101000010100000000000000000000000001110101
000001101000011000000000000000000000000100100000
000001101000011100000000000000000000000111110110
000001101000100000000000000000000000011100111010
000001101000100100000000000000000000101111001011
000001101000101000000000000000000000001101101010
000001101000101100000000000000000000110101011101
000001101000110000000000000000000000000101001110
000001101000110100000000000000000000001000001110
000001101000111000000000000000000000110001010010
000001101000111100000000000000000000000000111001
000001101001000000000000000000000000001110100100
000001101001000100000000000000000000011011100101
000001101001001000000000000000000000000100100001
000001101001001100000000000000000000011101110000
000001101001010000000000000000000000111110001101
000001101001010100000000000000000000111000101001
000001101001011000000000000000000000000001111110
000001101001011100000000000000000000111110101001
000001101001100000000000000000000000100111011010
000001101001100100000000000000000000010111001111
000001101001101000000000000000000000001100001001
000001101001101100000000000000000000001101011110
000001101001110000000000000000000000000001001000
000001101001110100000000000000000000001001100100
000001101001111000000000000000000000101111101000
000001101001111100000000000000000000110001111000
000001101010000000000000000000000000100101111001
000001101010000100000000000000000000000110010001
000001101010001000000000000000000000011111101110
000001101010001100000000000000000000101000111010
000001101010010000000000000000000000101101101101
000001101010010100000000000000000000111001101001
000001101010011000000000000000000000001010011010
000001101010011100000000000000000000101010010100
000001101010100000000000000000000000100010110010
000001101010100100000000000000000000101011111110
000001101010101000000000000000000000000011100111
000001101010101100000000000000000000100010111000
000001101010110000000000000000000000000111011000
000001101010110100000000000000000000101101001011
000001101010111000000000000000000000111011010111
000001101010111100000000000000000000101101111111
000001101011000000000000000000000000100011110010
000001101011000100000000000000000000100001000010
000001101011001000000000000000000000000111110101
000001101011001100000000000000000000101010000110
000001101011010000000000000000000000110101000110
000001101011010100000000000000000000001100111111
000001101011011000000000000000000000000100010000
000001101011011100000000000000000000110101100011
000001101011100000000000000000000000011100001101
000001101011100100000000000000000000101111010001
000001101011101000000000000000000000111010010101
000001101011101100000000000000000000110100110000
000001101011110000000000000000000000010101110000
000001101011110100000000000000000000001011100010
000001101011111000000000000000000000011110110100
000001101011111100000000000000000000010000101001
000001101100000000000000000000000000001101000111
000001101100000100000000000000000000111101111001
000001101100001000000000000000000000101011010010
000001101100001100000000000000000000100111001100
000001101100010000000000000000000000011101100000
000001101100010100000000000000000000001110001001
000001101100011000000000000000000000101010101111
000001101100011100000000000000000000010101110111
000001101100100000000000000000000000100011100011
000001101100100100000000000000000000001100011001
000001101100101000000000000000000000010001001010
000001101100101100000000000000000000110001000101
000001101100110000000000000000000000111111011101
000001101100110100000000000000000000110100011000
000001101100111000000000000000000000100101110010
000001101100111100000000000000000000100010101100
000001101101000000000000000000000000010110000100
000001101101000100000000000000000000100010010101
000001101101001000000000000000000000001101101011
000001101101001100000000000000000000101000000100
000001101101010000000000000000000000111111110001
000001101101010100000000000000000000110101011010
000001101101011000000000000000000000110000011100
000001101101011100000000000000000000010110001011
000001101101100000000000000000000000000010011110
000001101101100100000000000000000000101111111010
000001101101101000000000000000000000010010100101
000001101101101100000000000000000000010101011010
000001101101110000000000000000000000010011001010
000001101101110100000000000000000000010100001101
000001101101111000000000000000000000011011101111
000001101101111100000000000000000000001100000011
000001101110000000000000000000000000011011101011
000001101110000100000000000000000000111111001000
000001101110001000000000000000000000000111111001
000001101110001100000000000000000000011001000001
000001101110010000000000000000000000111010110100
000001101110010100000000000000000000011101000110
000001101110011000000000000000000000000100100101
000001101110011100000000000000000000001010100010
000001101110100000000000000000000000110000110111
000001101110100100000000000000000000011100110000
000001101110101000000000000000000000001101100101
000001101110101100000000000000000000011100110011
000001101110110000000000000000000000100100101101
000001101110110100000000000000000000110001101000
000001101110111000000000000000000000100000011100
000001101110111100000000000000000000011001001001
000001101111000000000000000000000000101101000100
000001101111000100000000000000000000111000001000
000001101111001000000000000000000000111000001110
000001101111001100000000000000000000101001110111
000001101111010000000000000000000000011101010110
000001101111010100000000000000000000011110000100
000001101111011000000000000000000000011000001011
000001101111011100000000000000000000000101111011
000001101111100000000000000000000000110010001110
000001101111100100000000000000000000000111101110
000001101111101000000000000000000000111001101011
000001101111101100000000000000000000101110111110
000001101111110000000000000000000000100111110101
000001101111110100000000000000000000110001110111
000001101111111000000000000000000000001111100101
000001101111111100000000000000000000001100100011
000001110000000000000000000000000000001101011100
000001110000000100000000000000000000111010000111
000001110000001000000000000000000000010000010000
000001110000001100000000000000000000101111010110
000001110000010000000000000000000000101011100010
000001110000010100000000000000000000100011100001
000001110000011000000000000000000000001000011111
000001110000011100000000000000000000110110011000
000001110000100000000000000000000000100011111011
000001110000100100000000000000000000011011011110
000001110000101000000000000000000000011101111110
000001110000101100000000000000000000110111100010
000001110000110000000000000000000000010110111001
000001110000110100000000000000000000100000011110
000001110000111000000000000000000000100001000100
000001110000111100000000000000000000101001001110
000001110001000000000000000000000000001110111110
000001110001000100000000000000000000011111000011
000001110001001000000000000000000000110111100101
000001110001001100000000000000000000010100000110
000001110001010000000000000000000000010011001011
000001110001010100000000000000000000110100101001
000001110001011000000000000000000000010001111010
000001110001011100000000000000000000101000101100
000001110001100000000000000000000000000011100110
000001110001100100000000000000000000001110101011
000001110001101000000000000000000000011010101010
000001110001101100000000000000000000010111010010
000001110001110000000000000000000000011101111010
000001110001110100000000000000000000010011101111
000001110001111000000000000000000000110011101111
000001110001111100000000000000000000001011010011
000001110010000000000000000000000000101110101111
000001110010000100000000000000000000010110111110
000001110010001000000000000000000000011000010001
000001110010001100000000000000000000000100000001
000001110010010000000000000000000000000000101010
000001110010010100000000000000000000101101001000
000001110010011000000000000000000000110001000010
000001110010011100000000000000000000011011011001
000001110010100000000000000000000000011011001111
000001110010100100000000000000000000001010000110
000001110010101000000000000000000000100101010001
000001110010101100000000000000000000101000111100
000001110010110000000000000000000000000101110101
000001110010110100000000000000000000110100111111
000001110010111000000000000000000000011011011011
000001110010111100000000000000000000010011111011
000001110011000000000000000000000000000001011111
000001110011000100000000000000000000011100100000
000001110011001000000000000000000000100100111000
000001110011001100000000000000000000001101101110
000001110011010000000000000000000000010011100100
000001110011010100000000000000000000010100010000
000001110011011000000000000000000000001100000000
000001110011011100000000000000000000000011010000
000001110011100000000000000000000000010110000110
000001110011100100000000000000000000001111001100
000001110011101000000000000000000000011101011000
000001110011101100000000000000000000110001001100
000001110011110000000000000000000000010111000000
000001110011110100000000000000000000101101111001
000001110011111000000000000000000000101100000011
000001110011111100000000000000000000000111001100
000001110100000000000000000000000000101010111000
000001110100000100000000000000000000101110001011
000001110100001000000000000000000000010110111000
000001110100001100000000000000000000101010001010
000001110100010000000000000000000000101000100011
000001110100010100000000000000000000101001001100
000001110100011000000000000000000000010110110101
000001110100011100000000000000000000100110111101
000001110100100000000000000000000000010111101100
000001110100100100000000000000000000011010001000
000001110100101000000000000000000000110111001010
000001110100101100000000000000000000010100000100
000001110100110000000000000000000000010101110011
000001110100110100000000000000000000111010100101
000001110100111000000000000000000000101001100111
000001110100111100000000000000000000110110001110
000001110101000000000000000000000000101000000011
000001110101000100000000000000000000001001000110
000001110101001000000000000000000000010010010110
000001110101001100000000000000000000111101110010
000001110101010000000000000000000000111011100100
000001110101010100000000000000000000000101001011
000001110101011000000000000000000000101100010010
000001110101011100000000000000000000000111111110
000001110101100000000000000000000000001011010000
000001110101100100000000000000000000010010101001
000001110101101000000000000000000000111101111101
000001110101101100000000000000000000001010101000
000001110101110000000000000000000000101001000000
000001110101110100000000000000000000001001010110
000001110101111000000000000000000000011010011110
000001110101111100000000000000000000110010010111
000001110110000000000000000000000000101110100111
000001110110000100000000000000000000100110110100
000001110110001000000000000000000000011101001110
000001110110001100000000000000000000111111101000
000001110110010000000000000000000000111010011110
000001110110010100000000000000000000001101000101
000001110110011000000000000000000000111100111011
000001110110011100000000000000000000100011011111
000001110110100000000000000000000000001001011001
000001110110100100000000000000000000110000101001
000001110110101000000000000000000000000110100001
000001110110101100000000000000000000111010100001
000001110110110000000000000000000000111111001110
000001110110110100000000000000000000011011100010
000001110110111000000000000000000000100111110000
000001110110111100000000000000000000001111100011
000001110111000000000000000000000000001010001011
000001110111000100000000000000000000111110011111
000001110111001000000000000000000000100111111101
000001110111001100000000000000000000010000000111
000001110111010000000000000000000000110110101101
000001110111010100000000000000000000011111101000
000001110111011000000000000000000000100010000010
000001110111011100000000000000000000111101110110
000001110111100000000000000000000000111111000101
000001110111100100000000000000000000111101001010
000001110111101000000000000000000000100111011101
000001110111101100000000000000000000010001011010
000001110111110000000000000000000000001011100001
000001110111110100000000000000000000101111111001
000001110111111000000000000000000000011101111000
000001110111111100000000000000000000000100001011
000001111000000000000000000000000000001010110111
000001111000000100000000000000000000001101100001
000001111000001000000000000000000000011100010110
000001111000001100000000000000000000111110111110
000001111000010000000000000000000000101101001100
000001111000010100000000000000000000100001011111
000001111000011000000000000000000000100001110110
000001111000011100000000000000000000101110011110
000001111000100000000000000000000000001101000010
000001111000100100000000000000000000010000100100
000001111000101000000000000000000000010101000001
000001111000101100000000000000000000110100011100
000001111000110000000000000000000000101101100010
000001111000110100000000000000000000011011100000
000001111000111000000000000000000000001000001001
000001111000111100000000000000000000110010001010
000001111001000000000000000000000000011010010110
000001111001000100000000000000000000101010110001
000001111001001000000000000000000000000000100110
000001111001001100000000000000000000111110010011
000001111001010000000000000000000000001001111110
000001111001010100000000000000000000111100101001
000001111001011000000000000000000000100100000011
000001111001011100000000000000000000100011111010
000001111001100000000000000000000000010101001001
000001111001100100000000000000000000000101011010
000001111001101000000000000000000000001011010001
000001111001101100000000000000000000011001001110
000001111001110000000000000000000000111000000000
000001111001110100000000000000000000101011101011
000001111001111000000000000000000000100100110000
000001111001111100000000000000000000011010000111
000001111010000000000000000000000000101001100110
000001111010000100000000000000000000011001100111
000001111010001000000000000000000000001010111100
000001111010001100000000000000000000100010000011
000001111010010000000000000000000000101110011100
000001111010010100000000000000000000100001010011
000001111010011000000000000000000000110101010101
000001111010011100000000000000000000000011001101
000001111010100000000000000000000000100111001001
000001111010100100000000000000000000101010100010
000001111010101000000000000000000000110000000010
000001111010101100000000000000000000010110100111
000001111010110000000000000000000000011001100000
000001111010110100000000000000000000110000111011
000001111010111000000000000000000000000010111010
000001111010111100000000000000000000011001000111
000001111011000000000000000000000000100010011110
000001111011000100000000000000000000001011000111
000001111011001000000000000000000000000011011011
000001111011001100000000000000000000010001110000
000001111011010000000000000000000000111001010111
000001111011010100000000000000000000100110010100
000001111011011000000000000000000000110010001000
000001111011011100000000000000000000001110101010
000001111011100000000000000000000000000001100010
000001111011100100000000000000000000111000110101
000001111011101000000000000000000000011100001100
000001111011101100000000000000000000100010110110
000001111011110000000000000000000000111011010011
000001111011110100000000000000000000011001011101
000001111011111000000000000000000000001010000010
000001111011111100000000000000000000100011110111
000001111100000000000000000000000000000010001100
000001111100000100000000000000000000111000000110
000001111100001000000000000000000000111001000110
000001111100001100000000000000000000100000010101
000001111100010000000000000000000000111111111111
000001111100010100000000000000000000011001001100
000001111100011000000000000000000000001101111101
000001111100011100000000000000000000100101011100
000001111100100000000000000000000000110010111101
000001111100100100000000000000000000011101011101
000001111100101000000000000000000000101100111111
000001111100101100000000000000000000111110000101
000001111100110000000000000000000000000000111101
000001111100110100000000000000000000100010000001
000001111100111000000000000000000000010000010010
000001111100111100000000000000000000111011110011
000001111101000000000000000000000000000110001000
001000001110101100100101000000000000000000000000
001000001110110000100110001000000000000000000000
001000001110110100100101001100000000000000000000
001000001110111000100101010000000000000000000000
001000001110111100011011000110010000000000000000
001000001111000000100101000100000000000000000001
001000001111000100000000100110000000000000000001
001000001111001010011000000100000000000000001110
001000001111001100011011001000010000000000000000
001000001111010010011000000100001111111111111001
001000001111010100000000101000000000000000000001
001000001111011000100110010100010000000000000000
001000001111011100000000100010000000000000000001
001000001111100000100110011000010000000000000000
001000001111100100011011001010110000000000000000
001000001111101010011000100100000000000000000100
001000001111101100100101011100000000000000000000
001000001111110000000000001010111011100000000000
001000001111110100101010011001000000000000000000
001000001111111000101010011100010000000000000000
001000001111111110000001000000001111111111110010