000000000000000000000000000000000000000000000001
000000000000000100000000000000000000000000000010
000000000000001000000000000000000000000000000010
000000000000001100000000000000000000000000000011
000000000000010000000000000000000000000000000111
000000000000010100000000000000000000000000001001
000000000000011000000000000000000000000000000000
000000000000011100000000000000000000000000000001
000000000000100000000000000000000000000000000010
000000000000100100000000000000000000000000000001 
000000000000101000000000000000000000000000000100
000000000000101100000000000000000000000000000010
000000000000110000000000000000000000000000000101
000000000000110100000000000000000000000000000011
000000000000111000000000000000000000000000000110
000000000000111100000000000000000000000000000000
000000000001000000000000000000000000000000000000
000000000001000100000000000000000000000000000000
000000000001001000000000000000000000000000000000
000000000001001100000000000000000000000000000000
000000000001010000000000000000000000000000000000
001000001110101100100101000000000000000000000000
001000001110110000100110001100000000000000000000
001000001110110100100101000100000000000000000011
001000001110111000100110001000010000000000000000
001000001110111100100101111000000000000000001111
001000001111000000101010001111100000000000000000
001000001111000100000000111100000000000000000001
001000001111001000101010001011100000000000000000
001000001111001100000000111100000000000000000001
001000001111010000100101000000000000000000000001
001000001111010100100110000100000000000000000000
001000001111011000100101000000000000000000000110
001000001111011100100110111100000000000000000000
001000001111100000100101001100000000000000000000
001000001111100100100101010000000000000000000000
001000001111101000100101010100000000000000000000
001000001111101100100101110100000000000000001001
001000001111110000100110011011010000000000000000
001000001111110100100101110000000000000000000111
001000001111111000100110011111000000000000000000
001000001111111100100101100000000000000000000000
001000010000000000000100001110110100100000000000
001000010000000100000000010001001100000000000000
001000010000001000000000111010000000000000000001
001000010000001100000000111000000000000000000001
001000010000010000100110011111000000000000000000
001000010000010100100110011011010000000000000000
001000010000011000000000101010000000000000000001
001000010000011100011011001010001000000000000000
001000010000100010011000100100001111111111110111
001000010000100100101010100011100000000000000000
001000010000101000000000111100000000000000000001
001000010000101100100101110000000000000000000111
001000010000110000100110011111000000000000000000
001000010000110100100101100000000000000000000000
001000010000111000100101010100000000000000000000
001000010000111100000000101000000000000000000001
001000010001000000011011001000010000000000000000
001000010001000110011000100100001111111111101110 
